function const = power2const(x)
const = 4.574 * x^0.5;
%const = 3.711816260906601e-14 * x^5 - 6.645890963501258e-14 * x^4 + 3.565266017787281e-14 * x^3 + 0.044169185673238 * x^2 + 5.071903508454017e-16 * x + -9.376313523411614e-18
end